version https://git-lfs.github.com/spec/v1
oid sha256:7e95e638f7a23b473bd7f5a76419972de99fbd988edf6154109e04330c509334
size 26484
